Nodes:
970: (10933,1370)
2000: (11055,1499)
2200: (11059,1700)
2820: (10324,2065)
2827: (10976,2191)
2846: (10857,1199)
3001: (10323,1858)
3002: (10280,1870)
3120: (10586,1791)
3122: (10656,1774)
3126: (11064,1730)
3127: (10793,1764)
3180: (10714,2072)
3662: (10291,1925)
3682: (11066,1628)
3685: (10933,1370)
3804: (10770,1662)
3812: (10559,1648)
4030: (10655,2067)
4032: (10635,1990)
4034: (10605,1891)
4035: (10596,1840)
4040: (10559,1648)
4043: (10540,1546)
4051: (10710,2072)
4057: (10835,1964)
4063: (10879,1863)
4262: (10166,1800)
4263: (10264,1786)
4264: (10350,1758)
4266: (10448,1765)
4270: (10389,1706)
4272: (10479,1696)
4273: (10450,1548)
4321: (10397,1964)
4324: (10458,1913)
4335: (10364,1952)
4812: (10117,1727)
4821: (10861,2202)
Edges:
(970,2000): 1.783
(970,3685): 0.100
(2000,970): 1.783
(2000,3682): 1.437
(2200,3126): 0.505
(2820,4321): 1.935
(2827,4051): 2.683
(2827,4821): 1.532
(2846,3001): 8.686
(3001,2846): 8.686
(3001,3002): 0.404
(3001,3662): 0.803
(3001,4035): 2.399
(3001,4262): 1.516
(3002,3001): 0.404
(3002,3662): 0.626
(3002,4263): 0.940
(3120,3122): 0.637
(3120,4035): 0.548
(3120,4040): 1.605
(3122,3120): 0.637
(3122,3127): 1.201
(3126,2200): 0.505
(3126,3127): 2.407
(3126,3682): 1.129
(3127,3122): 1.201
(3127,3126): 2.407
(3127,4063): 1.337
(3180,4051): 0.100
(3180,4057): 1.597
(3662,3001): 0.803
(3662,3002): 0.626
(3662,4335): 0.710
(3682,2000): 1.437
(3682,3126): 1.129
(3682,3804): 2.620
(3685,970): 0.100
(3804,3682): 2.620
(3804,3812): 1.858
(3804,4040): 1.858
(3812,3804): 1.858
(3812,4040): 0.100
(4030,4032): 0.873
(4030,4051): 0.489
(4030,4321): 2.530
(4032,4030): 0.873
(4032,4034): 1.133
(4032,4057): 1.776
(4032,4321): 2.102
(4034,4032): 1.133
(4034,4035): 0.576
(4034,4063): 2.420
(4034,4324): 1.319
(4035,3001): 2.399
(4035,3120): 0.548
(4035,4034): 0.576
(4040,3120): 1.605
(4040,3804): 1.858
(4040,3812): 0.100
(4040,4043): 1.138
(4040,4272): 0.886
(4043,4040): 1.138
(4043,4273): 0.791
(4051,2827): 2.683
(4051,3180): 0.100
(4051,4030): 0.489
(4057,3180): 1.597
(4057,4032): 1.776
(4057,4063): 1.188
(4063,3127): 1.337
(4063,4034): 2.420
(4063,4057): 1.188
(4262,3001): 1.516
(4262,4263): 0.870
(4262,4812): 1.371
(4263,3002): 0.940
(4263,4262): 0.870
(4263,4264): 0.818
(4264,4263): 0.818
(4264,4266): 0.861
(4264,4270): 0.666
(4264,4324): 1.966
(4266,4264): 0.861
(4270,4264): 0.666
(4270,4272): 0.798
(4272,4040): 0.886
(4272,4270): 0.798
(4272,4273): 1.662
(4273,4043): 0.791
(4273,4272): 1.662
(4321,2820): 1.935
(4321,4030): 2.530
(4321,4032): 2.102
(4321,4335): 0.318
(4324,4034): 1.319
(4324,4264): 1.966
(4335,3662): 0.710
(4335,4321): 0.318
(4812,4262): 1.371
(4821,2827): 1.532

Origin:
970
Destinations:
4821; 4812
